350 
93 
455 
477 
204 
318 
439 
391 
460 
133 
14 
489 
85 
108 
93 
431 
332 
494 
46 
11 
284 
300 
254 
487 
74 
36 
484 
154 
416 
118 
231 
212 
420 
432 
391 
25 
438 
226 
411 
31 
476 
412 
367 
158 
356 
285 
444 
405 
148 
474 
475 
487 
256 
224 
116 
49 
339 
469 
403 
168 
334 
285 
475 
341 
402 
303 
68 
154 
217 
67 
493 
105 
82 
15 
36 
372 
433 
95 
131 
290 
93 
79 
6 
443 
144 
244 
457 
196 
315 
342 
187 
470 
324 
243 
197 
191 
438 
26 
256 
52 
